# IMAGE_ID QW QX QY QZ TX TY TZ CAMERA_ID NAME
1 0.1266545 0.6497595 0.1434003 0.7356681 1.490116E-06 3.851519 -6.98792 1 frame_0000.png

2 0.1182226 0.5959972 0.1545345 0.7790571 5.960464E-07 3.848358 -7.06793 1 frame_0001.png

3 0.1101602 0.5459837 0.1642599 0.8141162 -9.536743E-07 3.844123 -7.132411 1 frame_0002.png

4 0.1003757 0.4868858 0.1751953 0.849808 0 3.836976 -7.19443 1 frame_0003.png

5 0.09111181 0.4327817 0.1847671 0.8776445 -7.152557E-07 3.828277 -7.238114 1 frame_0004.png

6 0.08122531 0.3773733 0.1941105 0.9018387 0 3.817456 -7.271985 1 frame_0005.png

7 0.07254306 0.330838 0.201523 0.9190605 0 3.807217 -7.294176 1 frame_0006.png

8 0.05990382 0.2665369 0.2109377 0.9385494 7.152557E-07 3.792058 -7.319271 1 frame_0007.png

9 0.0457412 0.1987496 0.2195679 0.9540421 2.384186E-07 3.77583 -7.343328 1 frame_0008.png

10 0.03137358 0.1336585 0.2263545 0.9643209 0 3.760996 -7.367893 1 frame_0009.png

11 0.01611914 0.06755079 0.2315455 0.9703421 -5.960464E-08 3.747458 -7.396835 1 frame_0010.png

12 -0.0001728651 -0.0007150845 0.2349725 0.9720017 1.396984E-09 3.735613 -7.432373 1 frame_0011.png

13 -0.0162905 -0.06679983 0.236366 0.9692283 5.960464E-08 3.72639 -7.472581 1 frame_0012.png

14 -0.03274396 -0.1335439 0.2358768 0.9620063 0 3.71916 -7.518312 1 frame_0013.png

15 -0.0485228 -0.1974076 0.2337112 0.950818 0 3.713762 -7.565264 1 frame_0014.png

16 -0.06373439 -0.2591435 0.2301642 0.9358457 2.384186E-07 3.709326 -7.61114 1 frame_0015.png

17 -0.07850171 -0.3193029 0.2254688 0.9170862 -2.384186E-07 3.705013 -7.653099 1 frame_0016.png

18 -0.0931019 -0.3788544 0.2197355 0.8941575 0 3.700015 -7.688198 1 frame_0017.png

19 -0.1065555 -0.4335223 0.2135813 0.8689576 -4.768372E-07 3.694237 -7.711404 1 frame_0018.png

20 -0.11987 -0.4871345 0.206701 0.8400035 -2.384186E-07 3.687152 -7.723107 1 frame_0019.png

21 -0.1329543 -0.5391454 0.1991219 0.8074626 -1.192093E-06 3.678911 -7.72242 1 frame_0020.png

22 -0.1456165 -0.5888259 0.1908622 0.7717847 -7.152557E-07 3.670052 -7.710355 1 frame_0021.png

23 -0.1581953 -0.6377627 0.1814815 0.7316403 7.748604E-07 3.660933 -7.688333 1 frame_0022.png

24 -0.1701014 -0.6841584 0.1711226 0.6882658 -2.030283E-07 3.652688 -7.65961 1 frame_0023.png

25 0.1813145 0.7286353 -0.1594875 -0.6409208 -2.384186E-07 3.646061 -7.626605 1 frame_0024.png

26 0.1920303 0.7729703 -0.1457908 -0.5868445 -4.768372E-07 3.641806 -7.590051 1 frame_0025.png

27 0.2004981 0.8106734 -0.1320728 -0.5340093 0 3.641069 -7.557109 1 frame_0026.png

28 0.2076367 0.8462921 -0.1168981 -0.4764572 2.384186E-07 3.643867 -7.524728 1 frame_0027.png

29 0.2128463 0.8772965 -0.1014241 -0.4180436 -2.384186E-07 3.650102 -7.494957 1 frame_0028.png

30 0.2162854 0.9043014 -0.08561295 -0.3579525 -2.384186E-07 3.659494 -7.466168 1 frame_0029.png

31 0.2180682 0.9278831 -0.0691968 -0.2944334 0 3.671992 -7.435617 1 frame_0030.png

32 0.2182498 0.9460809 -0.05380667 -0.2332441 -2.384186E-07 3.685848 -7.403698 1 frame_0031.png

33 0.2171436 0.9602821 -0.03864901 -0.1709189 -3.576279E-07 3.70118 -7.366282 1 frame_0032.png

34 0.2149801 0.9702118 -0.02416035 -0.1090365 -1.192093E-07 3.717137 -7.322235 1 frame_0033.png

35 0.2117967 0.9762397 -0.009711858 -0.04476511 0 3.734135 -7.267848 1 frame_0034.png

36 0.2079377 0.9779834 0.003665113 0.01723795 -1.490116E-08 3.75078 -7.206725 1 frame_0035.png

37 0.2035104 0.9758863 0.01611251 0.07726374 1.192093E-07 3.767121 -7.140138 1 frame_0036.png

38 0.1980257 0.9695259 0.02886527 0.1413232 0 3.784935 -7.062676 1 frame_0037.png

39 0.191663 0.9587722 0.04112873 0.2057418 1.192093E-07 3.803463 -6.980448 1 frame_0038.png

40 0.1846814 0.9442251 0.05233382 0.2675684 0 3.822073 -6.899849 1 frame_0039.png

41 0.1768474 0.9255635 0.0628241 0.3288015 7.152557E-07 3.841525 -6.82056 1 frame_0040.png

42 0.1681564 0.9027418 0.07250857 0.3892597 2.384186E-07 3.861892 -6.744524 1 frame_0041.png

43 0.1581027 0.8741 0.0817486 0.4519623 2.384186E-07 3.884311 -6.669364 1 frame_0042.png

44 0.1481216 0.8435045 0.08929635 0.5085139 0 3.905631 -6.605475 1 frame_0043.png

45 0.1377504 0.8094131 0.09577419 0.5627633 4.768372E-07 3.926932 -6.547774 1 frame_0044.png

46 0.1272911 0.7724602 0.1011618 0.6138961 2.384186E-07 3.947558 -6.496288 1 frame_0045.png

47 0.1173394 0.7346063 0.1054072 0.6599049 5.364418E-07 3.966328 -6.451793 1 frame_0046.png

48 0.1070326 0.6922388 0.1090531 0.7053064 1.490116E-08 3.98476 -6.408813 1 frame_0047.png

49 0.09760483 0.6502737 0.1118317 0.7450577 5.960464E-08 4.000553 -6.371229 1 frame_0048.png

50 0.08787864 0.6033574 0.1142384 0.7843385 -8.34465E-07 4.015568 -6.3335 1 frame_0049.png

51 0.07853287 0.5544559 0.1161886 0.8203118 8.34465E-07 4.02854 -6.298082 1 frame_0050.png

52 0.07480489 0.5338415 0.1168816 0.83412 1.072884E-06 4.033263 -6.284254 1 frame_0051.png

53 0.06663511 0.4863795 0.1182522 0.8631403 7.152557E-07 4.042616 -6.25491 1 frame_0052.png

54 0.05571127 0.4179727 0.1198005 0.8988008 0 4.052786 -6.219097 1 frame_0053.png

55 0.04727903 0.3614033 0.1207924 0.9233426 2.384186E-07 4.058654 -6.195785 1 frame_0054.png

56 0.03898212 0.3027669 0.1216034 0.9444709 -4.768372E-07 4.062651 -6.178071 1 frame_0055.png

57 0.0311504 0.2449968 0.1222236 0.9612844 -2.384186E-07 4.064761 -6.167212 1 frame_0056.png

58 0.02334102 0.1853992 0.1227099 0.9746921 2.384186E-07 4.065227 -6.162755 1 frame_0057.png

59 0.01548223 0.1238418 0.1230806 0.9845175 1.192093E-07 4.064032 -6.164917 1 frame_0058.png

60 0.007662608 0.0615247 0.1233526 0.9904243 5.960464E-08 4.061185 -6.173387 1 frame_0059.png

61 -0.0001111278 -0.0008925608 0.1235505 0.9923379 -9.313226E-10 4.056747 -6.187253 1 frame_0060.png

62 -0.007653122 -0.0612786 0.1236914 0.9903973 0 4.050982 -6.204815 1 frame_0061.png

63 -0.01564798 -0.1244265 0.1237929 0.9843518 0 4.043438 -6.226554 1 frame_0062.png

64 -0.02366881 -0.1862366 0.1238342 0.9743823 1.192093E-07 4.034591 -6.250407 1 frame_0063.png

65 -0.03193792 -0.2477907 0.1237793 0.9603429 -2.384186E-07 4.024394 -6.276265 1 frame_0064.png

66 -0.04044329 -0.3084257 0.1235649 0.9423214 0 4.013063 -6.303828 1 frame_0065.png

67 -0.04889075 -0.3657904 0.1231283 0.9212201 0 4.001242 -6.332265 1 frame_0066.png

68 -0.05763118 -0.42215 0.122372 0.8963779 2.384186E-07 3.988665 -6.363227 1 frame_0067.png

69 -0.06670669 -0.4775751 0.121189 0.8676322 -2.384186E-07 3.975439 -6.397629 1 frame_0068.png

70 -0.07621712 -0.5324819 0.1194464 0.8344978 -4.768372E-07 3.961566 -6.436759 1 frame_0069.png

71 -0.08627308 -0.587244 0.1169788 0.7962521 -5.960464E-07 3.947003 -6.482044 1 frame_0070.png

72 -0.09607902 -0.6375715 0.1139019 0.7558425 2.384186E-07 3.932974 -6.530203 1 frame_0071.png

73 -0.1059247 -0.6851501 0.1101063 0.712198 0 3.91908 -6.582212 1 frame_0072.png

74 0.1155509 0.7288072 -0.1056837 -0.6665726 -7.152557E-07 3.905662 -6.635812 1 frame_0073.png

75 0.1252266 0.7697519 -0.1005092 -0.6178174 4.768372E-07 3.892291 -6.691169 1 frame_0074.png

76 0.1345117 0.8061376 -0.09483938 -0.5683787 5.960464E-07 3.879497 -6.744191 1 frame_0075.png

77 0.1435505 0.8386784 -0.08863451 -0.5178376 -4.768372E-07 3.866989 -6.794224 1 frame_0076.png

78 0.1527941 0.8688918 -0.08154403 -0.463715 -2.384186E-07 3.854041 -6.842481 1 frame_0077.png

79 0.162162 0.8962607 -0.07349883 -0.4062242 0 3.840639 -6.887584 1 frame_0078.png

80 0.1715968 0.9204677 -0.06435063 -0.3451852 4.768372E-07 3.826733 -6.929169 1 frame_0079.png

81 0.1801941 0.9395447 -0.05484553 -0.2859685 -2.384186E-07 3.813589 -6.964625 1 frame_0080.png

82 0.1883669 0.9549273 -0.04439854 -0.2250787 2.384186E-07 3.800562 -6.997889 1 frame_0081.png

83 0.1960282 0.9666296 -0.03277878 -0.1616346 1.192093E-07 3.787744 -7.03125 1 frame_0082.png

84 0.2027935 0.9742107 -0.02016245 -0.09685949 0 3.775747 -7.066107 1 frame_0083.png

85 0.208227 0.9774798 -0.007141604 -0.03352483 -2.980232E-08 3.765383 -7.102729 1 frame_0084.png

86 0.2123401 0.9767353 0.006372572 0.02931296 0 3.756683 -7.142772 1 frame_0085.png

87 0.2151329 0.9718802 0.02069247 0.09347992 1.788139E-07 3.74959 -7.188148 1 frame_0086.png

88 0.2164555 0.9626849 0.035633 0.1584776 1.192093E-07 3.744284 -7.238769 1 frame_0087.png

89 0.2162974 0.9498714 0.05012139 0.2201084 1.192093E-07 3.740859 -7.290439 1 frame_0088.png

90 0.2148712 0.933623 0.06429517 0.2793648 -2.384186E-07 3.738741 -7.342182 1 frame_0089.png

91 0.2123727 0.9142221 0.07808767 0.3361519 0 3.737357 -7.391837 1 frame_0090.png

92 0.2090134 0.8920756 0.09139547 0.3900787 -4.768372E-07 3.736113 -7.436902 1 frame_0091.png

93 0.2046906 0.8658567 0.1050233 0.4442567 2.384186E-07 3.734349 -7.477702 1 frame_0092.png

94 0.1997702 0.8374045 0.1180583 0.4948817 2.384186E-07 3.731705 -7.509598 1 frame_0093.png

95 0.1943415 0.8070579 0.130534 0.5420791 5.960464E-07 3.727986 -7.53241 1 frame_0094.png

96 0.1879972 0.7727837 0.1432896 0.5890082 8.34465E-07 3.722876 -7.547702 1 frame_0095.png

97 0.1805324 0.7341139 0.156318 0.6356489 1.66893E-06 3.716414 -7.555721 1 frame_0096.png

98 0.1722664 0.6933769 0.1687038 0.6790375 1.087785E-06 3.709419 -7.557699 1 frame_0097.png

99 0.1631878 0.6509602 0.1802727 0.7191122 -3.576279E-07 3.70256 -7.556254 1 frame_0098.png

100 0.1525808 0.604009 0.1915849 0.7584112 0 3.696068 -7.553535 1 frame_0099.png

101 0.1405406 0.5533755 0.2020908 0.795728 -9.536743E-07 3.690847 -7.551623 1 frame_0100.png

102 0.1275387 0.5009988 0.2111755 0.8295415 9.536743E-07 3.687653 -7.552179 1 frame_0101.png

103 0.1127494 0.4433288 0.2191783 0.8618051 0 3.686728 -7.556329 1 frame_0102.png

104 0.09753755 0.3851877 0.2252632 0.8895918 7.152557E-07 3.688259 -7.56392 1 frame_0103.png

105 0.0809318 0.3221486 0.2298198 0.9147968 4.768372E-07 3.6921 -7.574664 1 frame_0104.png

106 0.06493311 0.2610767 0.2324612 0.9346574 0 3.697195 -7.585418 1 frame_0105.png

107 0.04911572 0.1997753 0.2336385 0.9503108 -1.192093E-07 3.702807 -7.593736 1 frame_0106.png

108 0.03311788 0.1364017 0.233606 0.9621466 0 3.708263 -7.596323 1 frame_0107.png

109 0.01637151 0.06831262 0.2324807 0.9700609 -1.192093E-07 3.712905 -7.588372 1 frame_0108.png

110 0.001463594 0.006173078 0.230693 0.973006 0 3.71559 -7.568648 1 frame_0109.png

111 -0.01256188 -0.05346007 0.2284016 0.972017 5.960464E-08 3.716716 -7.537415 1 frame_0110.png

112 -0.02623994 -0.1125259 0.2255765 0.9673493 1.192093E-07 3.71669 -7.495074 1 frame_0111.png

113 -0.03985361 -0.1720795 0.2220802 0.9588956 -1.192093E-07 3.716028 -7.442722 1 frame_0112.png

114 -0.05427904 -0.2360572 0.2174194 0.9455473 0 3.715407 -7.378849 1 frame_0113.png

115 -0.06811197 -0.298566 0.2117303 0.9281107 -7.152557E-07 3.715812 -7.312493 1 frame_0114.png

116 -0.08149684 -0.3607791 0.2047139 0.9062499 -4.768372E-07 3.718129 -7.246098 1 frame_0115.png

117 -0.09374941 -0.4201724 0.1965537 0.8809273 7.152557E-07 3.722896 -7.18509 1 frame_0116.png

118 -0.105072 -0.4784345 0.1870078 0.8515212 -7.152557E-07 3.730607 -7.129383 1 frame_0117.png

119 -0.1148947 -0.5332242 0.1765427 0.8193313 -7.152557E-07 3.741009 -7.081731 1 frame_0118.png

120 -0.1233115 -0.5852874 0.1652151 0.7841792 -1.311302E-06 3.753965 -7.040876 1 frame_0119.png

121 -0.1303516 -0.6348701 0.1531651 0.7459819 -3.576279E-07 3.769178 -7.005327 1 frame_0120.png

122 -0.1362625 -0.683873 0.1400628 0.7029457 1.788139E-07 3.786945 -6.971682 1 frame_0121.png

123 0.1404565 0.7259635 -0.1278838 -0.6609801 2.980232E-08 3.80428 -6.941434 1 frame_0122.png

124 0.1436908 0.7661176 -0.1154781 -0.6156961 -1.788139E-06 3.822477 -6.907958 1 frame_0123.png

125 0.1460052 0.8025497 -0.1035348 -0.5691019 -2.384186E-07 3.840285 -6.869666 1 frame_0124.png

126 0.1476241 0.835317 -0.09216322 -0.5214966 4.768372E-07 3.857314 -6.824668 1 frame_0125.png

127 0.1487924 0.8664989 -0.08064064 -0.4696143 2.384186E-07 3.874473 -6.768379 1 frame_0126.png

128 0.149511 0.8935439 -0.06986529 -0.4175459 -2.384186E-07 3.890325 -6.705454 1 frame_0127.png

129 0.1498644 0.9176052 -0.05934201 -0.3633454 2.384186E-07 3.905581 -6.635707 1 frame_0128.png

130 0.149823 0.9385472 -0.04901531 -0.3070503 -4.768372E-07 3.920377 -6.562201 1 frame_0129.png

131 0.1492882 0.9566593 -0.03855133 -0.2470421 0 3.935317 -6.486662 1 frame_0130.png

132 0.148111 0.9713911 -0.02798178 -0.1835195 1.192093E-07 3.950549 -6.413783 1 frame_0131.png

133 0.1461701 0.9820746 -0.01752054 -0.1177154 -1.192093E-07 3.965995 -6.349174 1 frame_0132.png

134 0.1435416 0.9881663 -0.007772326 -0.05350611 -5.960464E-08 3.980913 -6.298795 1 frame_0133.png

135 0.1401026 0.9900576 0.001757687 0.01242098 0 3.99612 -6.261056 1 frame_0134.png

136 0.1360343 0.9876117 0.01067276 0.07748446 5.960464E-08 4.01094 -6.237739 1 frame_0135.png

137 0.1315143 0.9810468 0.01890779 0.1410449 0 4.025043 -6.227524 1 frame_0136.png

138 0.1266154 0.970319 0.02665888 0.2043008 2.384186E-07 4.038419 -6.228045 1 frame_0137.png

139 0.1213572 0.9548454 0.03419186 0.2690234 -7.152557E-07 4.051021 -6.236926 1 frame_0138.png

140 0.1166028 0.9369868 0.04066983 0.326811 -4.768372E-07 4.060934 -6.248952 1 frame_0139.png

141 0.111957 0.9152483 0.04699192 0.3841588 4.768372E-07 4.069108 -6.261422 1 frame_0140.png

142 0.1076443 0.8902828 0.05311634 0.4393039 2.384186E-07 4.075015 -6.270926 1 frame_0141.png

143 0.1037382 0.8626809 0.05909785 0.4914546 2.384186E-07 4.078513 -6.275542 1 frame_0142.png

144 0.1001517 0.8324286 0.06510174 0.5411045 1.072884E-06 4.079701 -6.275064 1 frame_0143.png

145 0.09670045 0.7987504 0.07137201 0.5895361 -8.34465E-07 4.078662 -6.270356 1 frame_0144.png

146 0.0932109 0.7609575 0.07806484 0.6373078 7.152557E-07 4.075367 -6.263172 1 frame_0145.png

147 0.08949696 0.7184917 0.0852584 0.684464 1.490116E-07 4.069788 -6.256303 1 frame_0146.png

148 0.08538265 0.6712584 0.09290586 0.7304043 1.221895E-06 4.062005 -6.253417 1 frame_0147.png

149 0.08090461 0.6216238 0.1005556 0.7726105 3.576279E-07 4.052652 -6.257946 1 frame_0148.png

150 0.0758573 0.5688064 0.1082606 0.8117788 1.311302E-06 4.041838 -6.272242 1 frame_0149.png

151 0.07008754 0.512356 0.1160033 0.8480108 4.768372E-07 4.02962 -6.298167 1 frame_0150.png

152 0.06393782 0.456073 0.1232353 0.8790463 0 4.016922 -6.333938 1 frame_0151.png

153 0.05719189 0.3980235 0.1302235 0.9062827 2.384186E-07 4.003327 -6.379529 1 frame_0152.png

154 0.04972751 0.3373846 0.1370745 0.930005 0 3.988538 -6.434295 1 frame_0153.png

155 0.04175485 0.2760364 0.1436175 0.949439 0 3.972842 -6.494423 1 frame_0154.png

156 0.03306101 0.2126041 0.1500594 0.9649812 0 3.955679 -6.558535 1 frame_0155.png

157 0.02343654 0.1462074 0.1565312 0.9765102 0 3.93653 -6.624534 1 frame_0156.png

158 0.01407192 0.08524164 0.1622692 0.9829571 0 3.917782 -6.681764 1 frame_0157.png

159 0.004142395 0.02432915 0.167798 0.9855125 1.490116E-08 3.897919 -6.734297 1 frame_0158.png

160 -0.006583278 -0.03742309 0.1731294 0.9841658 0 3.876716 -6.782391 1 frame_0159.png

161 -0.01774603 -0.09763569 0.1779451 0.979024 -5.960464E-08 3.855193 -6.824831 1 frame_0160.png

162 -0.02977033 -0.1584333 0.1822571 0.9699458 1.192093E-07 3.832893 -6.864545 1 frame_0161.png

163 -0.04284952 -0.2205096 0.1858773 0.9565506 0 3.809917 -6.903735 1 frame_0162.png

164 -0.05669857 -0.2824596 0.1884617 0.9388738 -7.152557E-07 3.787231 -6.943579 1 frame_0163.png

165 -0.07175513 -0.3462984 0.1897843 0.9159206 -2.384186E-07 3.764626 -6.987523 1 frame_0164.png

